000000000000000000000000000000000000000000000000000000000000000000000000000000000000000000000000
0000                    0000000                                     000000                   000
000                      00000  33                                   0000               33    00
00  333            333    000  3333                                                    3333    0
0   333            333     00  3333                                                    3333    0
0   333      33    333     00  3333                                                    3333    0
0           3333           00 3333333333333         3333333333333333333         33333333333333 0
0          333333          00000000000000000       000000000000000000000       00000000000000000
0         33333333         00             00                        00000                    000
0         33333333                  3333  0000                       00000                    00
0         33333333                  3333  0000                        00000                    0
0         33333333                        000000                      000000                   0
0 3333333333333333333333333333333         000000 3333333333333        0000000 333333333        0
0000000000000000000000000000000000        000000000000000000000       000000000000000000       0
000                                       00000                       0000                     0
00                                        0000                      00000                      0
0                                     0000000                       0000                    0000
0                                    0000000                      000000                   00000
0        33333333333333333333333333 00000000        3333333333333 000000        333333333 000000
0       000000000000000000000000000000000000       000000000000000000000       00000000000000000
0                                                                     00                     000
000                                                         33333333  00                      00
000                                                         33333333  00000                    0
00000                                                       33333333  000000                   0
00000 333333333333333333333333333333333333333333333333333333333333333 0000000 33333333333      0
000000000000000000000000000000000000000000000000000000000000000000000000000000000000000000     0
0000000000000000000000000000000000000000000000000000000000000000000000000000000000000000000    0
0                                                                                             00
0                                                                                              0
0                                                                                           33 0
0 3333333333333333333333333333333333333333333333333333333333333333333333333333333333333333 00000
000000000000000000000000000000000000000000000000000000000000000000000000000000000000000000000000

