444444444444444444444444444444444444444444444444444444444444444444444444444444444444444444444444
444444444444444444444444444444444444444444444444444444444444444444444444444444444444444444444444
44    9        9      9    94444444444      9      9     9            9     9   9   9    9    44
44    9        9      9    9 444444449      9      9     9            9     9   9   9    9    44
44    9        9      9    9  444444 9      9      9     9            9     9   9   9    9    44
44    9        9      9    9   4444  9      9      9     9            9     9   9   9    9    44
44    9        9      9    9   444   9      9      9     9            9     9   9   9    9    44
44444444444444444444444    9   44    9      9      9     9       444444444449   9  4444444444444
44  9  9   9      9        9   44    9      9      9     9     44444    9   9   9      9   44444
44  9  9   9      9        9   44    9      9      9     9   4444444    9   9   9      9    4444
44  9  9   9      9        9   44    9      9  444444444444444444444    9   9   9      9    9444
44  9  9   9      9        9   44    9      9    9          9     44    9   9   9      9    9 44
44  9  9   9      9        9   44    9      9    9          9     44    9   9   9      9    9 44
44  9  9  4444444444444444444444444444444   9    9          9     44444444444444444444 9    9 44
44  9  9       9     9        9444444444444 9    9          9     44229     9     9    9    9 44
44  9  9       9     9        9444444444444 9    9          9     44229     9     9    9    9 44
44  9  9       9     9        9444444444444444444444444     9     44229     9     9    9   44444
44  9  9       9     9        944 9    9       9   9        9     44229     9     9    9 4444444
44  9  9       9     9        944 9    9       9   9      4444444444229     9     9    9 4444444
444444444444444444444444      944 9    9       9   9        9     44229    222222222222222222222
44444  9   9   9     9        944 9    9       9   9        9     44229    222222222222222222222
44449  9   9   9     9        944 9    9       9   9        9     44229        9       9   22222
444 9  9   9   9     9      44444 9    9      4444444444444444444444229        9       9    9222
44  9  9   9   9     9   44444444 9    9     44444444444444444444444229        9       9    9 22
44  9  9   9   9     944444444444 9    9    444222222222222222222222229        9       9    9 22
44  9  9   9   9   44444444444444 9    9    442222222222222222222222229        9       9    9 22
44  9  9   9   9 4444444444444444 9    9    4422  9      9      9     9        9       9    9 22
44  9  9   9   9     9        9   9    9  444422  9      9      9     9        9       9    9 22
44  9  9   9   9     9        9   9    944444422  9      9      9     9        9       9    9 22
44  9  9   9   9     9        9   9    944444422  9      9      9     9        9       9    9 22
44  9  9   9   9     9        9   9    944444422  9      9      9     9        9       9    9 22
444444444444444444444444444444444444444444444422222222222222222222222222222222222222222222222222